% Esercizio 02

% Dati
A = [1 2 3 4; -1 0 -1 0; 4 5 6 7; 5 4 3 2];

% Richieste
A(:,3) = 100
A(2,:) = -3
A(3:4,2:3) = [1 2; 3 4]
A(:,3) = []
A = [A; 3 1 5]
