% Esercizio 05

% Dati
A = [1 2 3; 4 5 6; 7 8 9];
P = [1 0 0; 0 0 1; 0 1 0];

% Richieste
P*A
A*P
